TIMESTEP
6000
   molecule1	   molecule2	        arm1	    arm2
         106         234           3           0
          94         157           1           2
         335         390           2           1
         161         282           2           1
          59         127           2           0
         273         294           2           3
TIMESTEP
12000
   molecule1	   molecule2	        arm1	    arm2
         106         234           3           0
          94         157           1           2
         335         390           2           1
         161         282           2           1
          59         127           2           0
         273         294           2           3
          95         168           0           0
         111         248           4           4
           2         364           2           4
TIMESTEP
18000
   molecule1	   molecule2	        arm1	    arm2
         106         234           3           0
          94         157           1           2
         335         390           2           1
         161         282           2           1
          59         127           2           0
         273         294           2           3
          95         168           0           0
         111         248           4           4
           2         364           2           4
          89         117           0           5
          61         228           5           5
TIMESTEP
24000
   molecule1	   molecule2	        arm1	    arm2
         106         234           3           0
          94         157           1           2
         335         390           2           1
         161         282           2           1
          59         127           2           0
         273         294           2           3
          95         168           0           0
         111         248           4           4
           2         364           2           4
          89         117           0           5
          61         228           5           5
          64         232           1           2
TIMESTEP
30000
   molecule1	   molecule2	        arm1	    arm2
         106         234           3           0
          94         157           1           2
         335         390           2           1
         161         282           2           1
          59         127           2           0
         273         294           2           3
          95         168           0           0
         111         248           4           4
           2         364           2           4
          89         117           0           5
          61         228           5           5
          64         232           1           2
         294         389           1           2
         307         387           0           3
          53         160           1           4
